ACQtime 7 1 100000000 0 1 2 1 256 1 64
1 65 
0 
at 1 1 100 1e-06 1e-06 2 1 11 1 64
1 0.04096 
0 
axis 4 2 4 0 0 4 1 0 1 64
1 "k"
11 "c" "d" "1" "2" "3" "h" "k" "m" "n" "p" "u" 
bs 7 1 32767 0 1 2 1 0 1 64
1 1 
0 
dmg 2 2 2 0 0 4 1 3 1 64
1 "av"
0 
np 7 1 262144 32 -2 2 1 11 1 64
1 4096 
0 
nt 7 1 1000000000 1 1 2 1 2 1 64
1 64 
0 
pw 6 1 13 13 13 2 1 8194 1 64
1 15 
0 
rattn 1 1 120 0 0.25 2 1 0 1 64
1 15 
0 
rof2 6 1 13 13 13 2 1 8194 1 64
1 30 
0 
sfrq 1 1 1000000000 0 0 2 1 11 1 64
1 14.6045652 
0 
sw 1 1 5 5 5 2 1 8203 1 64
1 50000 
0 
time_saved 2 2 8 0 0 4 1 0 1 64
1 "20230616T082906"
0 
tof 5 1 7 7 7 2 1 8202 1 64
1 -36553.1 
0 
wexp 2 2 6 0 0 3 1 3 1 64
1 "procsaveplot"
0 
obsSW 2 2 8 0 0 2 1 1 1 64
1 "setsw(-784.1,-4199.1)"
0 
fn 7 1 524288 64 -2 3 1 1 1 64
1 32768 
0 
REQexp 2 2 8 0 0 4 1 256 1 64
1 ""
0 
